0  L  -0.544739  80.9847
0  R  -0.0553347  82.5544
1  L  -0.218083  83.3184
1  R  0.354624  82.985
2  L  -0.101781  75.8805
2  R  0.543153  79.5247
3  L  0.176151  76.1143
3  R  -0.068264  76.9361
4  L  -0.0159631  77.2434
4  R  -0.155744  79.5978
5  L  -0.122035  78.2029
5  R  0.441106  79.4388
6  L  -0.246123  76.7044
6  R  -0.48588  78.2701
7  L  -0.0997249  77.3658
7  R  0.0968476  81.7322
8  L  0.455165  73.8487
8  R  0.97942  80.3627
9  L  0.241403  76.0376
9  R  -0.393958  81.0295
10  L  -0.442763  77.5157
10  R  -0.416945  81.4326
11  L  -0.240226  76.2258
11  R  0.130729  81.0899
12  L  0.38508  78.1825
12  R  -0.166642  84.3214
13  L  0.0568601  78.8746
13  R  0.0711749  85.2124
14  L  -0.302475  81.9198
14  R  0.650988  86.1382
15  L  0.0474816  82.0485
15  R  -0.967825  92.4774
