0  L  0.202575  82.8994
0  R  1.07892  88.7152
1  L  0.851411  77.5146
1  R  -0.106159  82.4613
2  L  -0.338723  77.147
2  R  0.743406  80.1915
3  L  -0.212936  76.5069
3  R  0.50951  77.6448
4  L  -0.0640639  75.5304
4  R  0.466398  79.6307
5  L  -0.36692  77.9268
5  R  -0.535702  80.907
6  L  0.0168886  76.463
6  R  0.74641  80.2786
7  L  -0.0159003  77.3906
7  R  -0.546334  81.0856
8  L  0.165179  73.6323
8  R  0.30724  81.9675
9  L  0.430053  77.3167
9  R  0.0480458  81.4954
10  L  -0.258839  77.1074
10  R  0.494839  82.7094
11  L  0.0237774  77.1355
11  R  -0.265253  83.1022
12  L  -0.352137  78.9294
12  R  0.490068  84.7137
13  L  -0.0322706  79.7603
13  R  -0.3449  88.6844
14  L  -0.0543639  82.3227
14  R  0.83337  86.3647
15  L  0.218092  84.3797
15  R  -0.365726  93.1333
