0  L  1.18699  82.759
0  R  -0.173593  87.5135
1  L  -0.687999  82.2113
1  R  -0.0221533  87.9158
2  L  0.392039  78.7442
2  R  -0.226404  82.731
3  L  -0.305901  76.4603
3  R  0.61402  79.253
4  L  -0.195718  75.2934
4  R  0.490835  78.5513
5  L  0.400505  77.5319
5  R  0.185569  78.2965
6  L  -0.405011  74.777
6  R  -0.437975  79.0053
7  L  -0.320693  76.956
7  R  -0.349327  80.7739
8  L  0.131782  74.0905
8  R  -0.469837  81.5737
9  L  0.0320453  75.984
9  R  0.35379  79.8421
10  L  -0.67518  76.7393
10  R  0.0467517  82.2822
11  L  0.317372  76.1842
11  R  -0.258848  81.4817
12  L  -0.0405178  78.5216
12  R  0.239782  84.3072
13  L  -0.12639  80.6877
13  R  0.592709  83.6601
14  L  0.207527  79.976
14  R  0.0958132  86.195
15  L  -0.240633  84.8797
15  R  0.647079  91.3339
