0  L  0.225843  84.1512
0  R  0.174338  83.5155
1  L  -0.0812598  81.7178
1  R  0.99995  85.2817
2  L  -0.342562  77.5888
2  R  0.338934  84.0256
3  L  -0.108805  77.448
3  R  0.0181753  78.8218
4  L  0.0812477  77.0494
4  R  0.371256  79.891
5  L  0.139568  76.6141
5  R  0.764574  79.9002
6  L  -0.184762  77.3993
6  R  0.267914  80.0163
7  L  0.112369  76.9708
7  R  -0.442816  82.3098
8  L  0.294389  73.9732
8  R  0.664313  80.2134
9  L  0.223469  75.7729
9  R  0.41659  81.6181
10  L  -0.556209  76.7534
10  R  1.05895  80.0618
11  L  -0.467809  75.3032
11  R  -0.0538797  81.7194
12  L  0.342106  76.8565
12  R  -0.435659  82.3928
13  L  -0.0850795  81.7573
13  R  0.462123  87.3798
14  L  -0.81063  82.9058
14  R  -0.974225  87.2133
15  L  1.07072  85.1449
15  R  0.247442  93.7136
