1 1221.8201101249756 84.953379144986698
2 1726.4420422011469 88.98046672879714
3 1651.2026414238185 83.412910356011423
4 1291.4678030095965 80.465467482432643
5 1137.1548192512082 77.789295142366939
6 1341.4979465609003 80.86870765898756
7 1482.7649302240445 79.565796618254666
8 1704.1427266045814 82.811229689370307
9 1489.1992113836502 82.250277302470664
10 1869.3496843492555 81.964765382743607
11 1777.5337116658638 82.6531214714729
12 1980.0106746925214 83.059043164495208
13 2006.4224388536809 84.486573783618127
14 2089.1771520043335 86.198183814742777
15 2233.6128978814959 86.464765056785268
16 2190.0962551166294 92.588056805193588
