1 1728.1725008843141 81.149031176462955
2 1426.4640272970007 83.099062945444715
3 1270.2768755786724 78.282372252390417
4 1563.644565387387 79.131747818530044
5 1388.4051626256621 75.386779609799277
6 1581.8035348801423 78.011016331489131
7 1591.4521032484417 76.964610107847321
8 1571.2373839274817 78.598133029931574
9 1558.3949956836009 74.684958565096437
10 1831.6956646736712 78.035726090536684
11 1693.5429326162714 77.70577006735634
12 2080.9912439522686 78.573094140385919
13 1757.1427770990708 78.519131313138658
14 1895.3495895769818 79.674830777333909
15 2058.1527667611535 80.179660461377125
16 2154.9755553897048 91.078967731742779
