# bar  side  Value ValueErr
0  L  -1.09299  0.001
0  R  -0.729588  0.001
1  L  -0.785834  0.001
1  R  -1.16122  0.001
2  L  -0.797929  0.001
2  R  -0.980377  0.001
3  L  -0.601758  0.001
3  R  -1.10626  0.001
4  L  -0.669639  0.001
4  R  -0.698662  0.001
5  L  -0.859784  0.001
5  R  -0.898488  0.001
6  L  -0.950081  0.001
6  R  -0.666604  0.001
7  L  -0.718579  0.001
7  R  -0.854817  0.001
8  L  -0.676432  0.001
8  R  -0.960542  0.001
9  L  -0.813732  0.001
9  R  -1.09484  0.001
10  L  -0.707181  0.001
10  R  -1.09301  0.001
11  L  -0.621593  0.001
11  R  -1.0815  0.001
12  L  -0.712782  0.001
12  R  -1.28316  0.001
13  L  -0.842592  0.001
13  R  -0.900988  0.001
14  L  -0.8428  0.001
14  R  -0.696194  0.001
15  L  -1.02886  0.001
15  R  -1.00279  0.001
