# bar  side  Value ValueErr
0  L  -1.08165  0.001
0  R  -0.754538  0.001
1  L  -0.814528  0.001
1  R  -1.14695  0.001
2  L  -0.765942  0.001
2  R  -0.961746  0.001
3  L  -0.596558  0.001
3  R  -1.11687  0.001
4  L  -0.661743  0.001
4  R  -0.694108  0.001
5  L  -0.827406  0.001
5  R  -0.87191  0.001
6  L  -0.980697  0.001
6  R  -0.662462  0.001
7  L  -0.71611  0.001
7  R  -0.837057  0.001
8  L  -0.692681  0.001
8  R  -0.96152  0.001
9  L  -0.804824  0.001
9  R  -1.08881  0.001
10  L  -0.677381  0.001
10  R  -1.08568  0.001
11  L  -0.622111  0.001
11  R  -1.07029  0.001
12  L  -0.717134  0.001
12  R  -1.24993  0.001
13  L  -0.871295  0.001
13  R  -0.951232  0.001
14  L  -0.762623  0.001
14  R  -0.680042  0.001
15  L  -1.04776  0.001
15  R  -0.958727  0.001
