# bar  side  Value ValueErr
0  L  -1.04734  0.001
0  R  -0.715585  0.001
1  L  -0.814373  0.001
1  R  -1.14554  0.001
2  L  -0.78897  0.001
2  R  -0.971007  0.001
3  L  -0.605023  0.001
3  R  -1.12328  0.001
4  L  -0.695278  0.001
4  R  -0.68304  0.001
5  L  -0.818314  0.001
5  R  -0.885767  0.001
6  L  -0.991105  0.001
6  R  -0.657356  0.001
7  L  -0.710938  0.001
7  R  -0.870088  0.001
8  L  -0.68959  0.001
8  R  -0.962459  0.001
9  L  -0.83008  0.001
9  R  -1.08806  0.001
10  L  -0.675398  0.001
10  R  -1.09494  0.001
11  L  -0.606247  0.001
11  R  -1.06086  0.001
12  L  -0.730069  0.001
12  R  -1.23707  0.001
13  L  -0.87911  0.001
13  R  -0.940164  0.001
14  L  -0.815869  0.001
14  R  -0.701813  0.001
15  L  -1.07392  0.001
15  R  -0.983755  0.001
