# bar  side  Value ValueErr
0  L  -1.04734  0.001
0  R  -0.696751  0.001
1  L  -0.765456  0.001
1  R  -1.09235  0.001
2  L  -0.767197  0.001
2  R  -0.983679  0.001
3  L  -0.590573  0.001
3  R  -1.13137  0.001
4  L  -0.697549  0.001
4  R  -0.704473  0.001
5  L  -0.839329  0.001
5  R  -0.883877  0.001
6  L  -0.968716  0.001
6  R  -0.671218  0.001
7  L  -0.729835  0.001
7  R  -0.844558  0.001
8  L  -0.684691  0.001
8  R  -0.962511  0.001
9  L  -0.818484  0.001
9  R  -1.08868  0.001
10  L  -0.677832  0.001
10  R  -1.07039  0.001
11  L  -0.610485  0.001
11  R  -1.07695  0.001
12  L  -0.724666  0.001
12  R  -1.21012  0.001
13  L  -0.888783  0.001
13  R  -0.960874  0.001
14  L  -0.83382  0.001
14  R  -0.701898  0.001
15  L  -0.931776  0.001
15  R  -1.04231  0.001
