# bar  side  Value ValueErr
0  L  -1.04731  0.001
0  R  -0.708397  0.001
1  L  -0.785096  0.001
1  R  -1.08356  0.001
2  L  -0.782071  0.001
2  R  -1.00348  0.001
3  L  -0.611463  0.001
3  R  -1.09626  0.001
4  L  -0.691452  0.001
4  R  -0.685833  0.001
5  L  -0.849389  0.001
5  R  -0.91249  0.001
6  L  -0.978034  0.001
6  R  -0.671661  0.001
7  L  -0.738926  0.001
7  R  -0.864229  0.001
8  L  -0.666158  0.001
8  R  -0.952786  0.001
9  L  -0.815395  0.001
9  R  -1.10502  0.001
10  L  -0.700754  0.001
10  R  -1.0926  0.001
11  L  -0.625897  0.001
11  R  -1.08269  0.001
12  L  -0.718834  0.001
12  R  -1.25176  0.001
13  L  -0.910532  0.001
13  R  -0.978763  0.001
14  L  -0.764197  0.001
14  R  -0.638026  0.001
15  L  -1.10491  0.001
15  R  -1.00004  0.001
