# bar  side  Value ValueErr
0  L  -1.14041  0.001
0  R  -0.728733  0.001
1  L  -0.794585  0.001
1  R  -1.07943  0.001
2  L  -0.767025  0.001
2  R  -0.977813  0.001
3  L  -0.600288  0.001
3  R  -1.11982  0.001
4  L  -0.67088  0.001
4  R  -0.672063  0.001
5  L  -0.826732  0.001
5  R  -0.911374  0.001
6  L  -0.994691  0.001
6  R  -0.661081  0.001
7  L  -0.734598  0.001
7  R  -0.852964  0.001
8  L  -0.696872  0.001
8  R  -0.972351  0.001
9  L  -0.827402  0.001
9  R  -1.10588  0.001
10  L  -0.704009  0.001
10  R  -1.11901  0.001
11  L  -0.630409  0.001
11  R  -1.07581  0.001
12  L  -0.710374  0.001
12  R  -1.28331  0.001
13  L  -0.903367  0.001
13  R  -0.944073  0.001
14  L  -0.748527  0.001
14  R  -0.682751  0.001
15  L  -1.05893  0.001
15  R  -1.05004  0.001
