# bar  side  Value ValueErr
0  L  -1.05664  0.001
0  R  -0.669508  0.001
1  L  -0.738401  0.001
1  R  -1.06035  0.001
2  L  -0.798112  0.001
2  R  -1.01609  0.001
3  L  -0.625166  0.001
3  R  -1.14883  0.001
4  L  -0.682053  0.001
4  R  -0.695538  0.001
5  L  -0.834783  0.001
5  R  -0.893563  0.001
6  L  -0.973821  0.001
6  R  -0.660019  0.001
7  L  -0.708124  0.001
7  R  -0.840847  0.001
8  L  -0.699798  0.001
8  R  -0.962122  0.001
9  L  -0.812536  0.001
9  R  -1.06831  0.001
10  L  -0.700832  0.001
10  R  -1.09996  0.001
11  L  -0.61408  0.001
11  R  -1.06647  0.001
12  L  -0.739973  0.001
12  R  -1.24068  0.001
13  L  -0.880925  0.001
13  R  -0.977775  0.001
14  L  -0.815569  0.001
14  R  -0.656583  0.001
15  L  -1.08664  0.001
15  R  -1.06976  0.001
