# bar  side  Value ValueErr
0  L  -1.04379  0.001
0  R  -0.657527  0.001
1  L  -0.794409  0.001
1  R  -1.11867  0.001
2  L  -0.839446  0.001
2  R  -1.03828  0.001
3  L  -0.60319  0.001
3  R  -1.14975  0.001
4  L  -0.690263  0.001
4  R  -0.707387  0.001
5  L  -0.810947  0.001
5  R  -0.867706  0.001
6  L  -0.974844  0.001
6  R  -0.671502  0.001
7  L  -0.720744  0.001
7  R  -0.845831  0.001
8  L  -0.680081  0.001
8  R  -0.97238  0.001
9  L  -0.835857  0.001
9  R  -1.1134  0.001
10  L  -0.688467  0.001
10  R  -1.13098  0.001
11  L  -0.595861  0.001
11  R  -1.0729  0.001
12  L  -0.724167  0.001
12  R  -1.22774  0.001
13  L  -0.884362  0.001
13  R  -0.926157  0.001
14  L  -0.801568  0.001
14  R  -0.698064  0.001
15  L  -1.05443  0.001
15  R  -1.02035  0.001
