# bar  side  Value ValueErr
0  L  -1.01475  0.001
0  R  -0.703655  0.001
1  L  -0.778532  0.001
1  R  -1.08625  0.001
2  L  -0.789096  0.001
2  R  -0.966393  0.001
3  L  -0.585336  0.001
3  R  -1.14675  0.001
4  L  -0.677347  0.001
4  R  -0.687302  0.001
5  L  -0.855626  0.001
5  R  -0.888911  0.001
6  L  -0.976586  0.001
6  R  -0.664827  0.001
7  L  -0.722195  0.001
7  R  -0.846074  0.001
8  L  -0.68151  0.001
8  R  -0.965347  0.001
9  L  -0.813034  0.001
9  R  -1.08233  0.001
10  L  -0.693981  0.001
10  R  -1.0976  0.001
11  L  -0.605306  0.001
11  R  -1.06686  0.001
12  L  -0.735218  0.001
12  R  -1.30662  0.001
13  L  -0.908675  0.001
13  R  -0.962594  0.001
14  L  -0.811261  0.001
14  R  -0.631254  0.001
15  L  -0.982953  0.001
15  R  -0.993083  0.001
