# bar  side  Value ValueErr
0  L  -1.11101  0.001
0  R  -0.658525  0.001
1  L  -0.819849  0.001
1  R  -1.07308  0.001
2  L  -0.8139  0.001
2  R  -1.00046  0.001
3  L  -0.600739  0.001
3  R  -1.12935  0.001
4  L  -0.691193  0.001
4  R  -0.702501  0.001
5  L  -0.849639  0.001
5  R  -0.903315  0.001
6  L  -0.963763  0.001
6  R  -0.64965  0.001
7  L  -0.725804  0.001
7  R  -0.826436  0.001
8  L  -0.67952  0.001
8  R  -0.948737  0.001
9  L  -0.827908  0.001
9  R  -1.10641  0.001
10  L  -0.67667  0.001
10  R  -1.07993  0.001
11  L  -0.614188  0.001
11  R  -1.06341  0.001
12  L  -0.718377  0.001
12  R  -1.24784  0.001
13  L  -0.854623  0.001
13  R  -0.940907  0.001
14  L  -0.805163  0.001
14  R  -0.728991  0.001
15  L  -1.02503  0.001
15  R  -0.967944  0.001
