# bar  side  Value ValueErr
0  L  -0.390582  83.795
0  R  -0.00671532  86.8177
1  L  0.0106297  77.9314
1  R  -0.00677728  82.5465
2  L  0.596757  78.3283
2  R  -0.333134  83.3679
3  L  -0.0971463  79.6947
3  R  -0.110344  81.2339
4  L  0.0195233  75.6841
4  R  0.576345  78.7243
5  L  0.0356448  76.9142
5  R  0.243088  78.7243
6  L  0.509293  76.6342
6  R  0.352561  79.1228
7  L  0.0561055  77.4834
7  R  0.360537  81.287
8  L  -0.348745  74.9414
8  R  0.706235  80.0941
9  L  0.233564  76.8669
9  R  -0.193178  81.5446
10  L  -0.370295  76.4183
10  R  0.268358  82.0579
11  L  0.456236  76.4717
11  R  -0.0846273  82.066
12  L  -0.143944  78.2632
12  R  0.113732  84.0455
13  L  0.054754  79.4857
13  R  0.990351  84.5812
14  L  -0.187193  83.7819
14  R  -0.0896231  87.5987
15  L  -0.803371  80.0568
15  R  0.195101  87.8972
