# bar  side  Value ValueErr
0  L  -0.29539  78.4425
0  R  1.20929  82.8175
1  L  0.356628  79.946
1  R  -0.555847  87.5268
2  L  0.479568  77.8184
2  R  0.501001  83.8765
3  L  -0.0338089  76.7668
3  R  0.588978  79.13
4  L  -0.620921  76.1399
4  R  0.620736  77.7551
5  L  -0.191293  77.1988
5  R  0.136763  78.8471
6  L  0.55948  76.078
6  R  -0.0244294  78.4071
7  L  -0.331906  77.4677
7  R  0.234136  81.7411
8  L  -0.222168  73.4772
8  R  0.789343  80.2539
9  L  0.137879  77.0004
9  R  -0.146027  82.228
10  L  0.0960387  75.4767
10  R  0.158121  82.1287
11  L  0.41133  76.8987
11  R  0.0329653  82.7531
12  L  0.236234  77.2992
12  R  -0.105176  82.5443
13  L  0.387257  79.5144
13  R  -0.0261157  83.7737
14  L  -0.117539  83.3931
14  R  0.04433  85.2972
15  L  -0.113628  84.4379
15  R  -0.252078  88.9395
