# bar  side  Value ValueErr
0  L  0.248853  81.6845
0  R  -0.249412  81.7218
1  L  0.313884  81.5321
1  R  0.452705  85.1457
2  L  0.605238  78.145
2  R  0.322495  79.5998
3  L  0.269582  76.2524
3  R  0.267318  77.3671
4  L  -0.231981  76.0377
4  R  0.325849  79.1079
5  L  0.455635  76.2933
5  R  0.919707  79.0356
6  L  -0.583331  76.1055
6  R  0.264368  79.7051
7  L  -0.56764  76.3893
7  R  0.804367  80.0534
8  L  0.435703  72.62
8  R  0.337245  81.4569
9  L  -0.025162  77.4473
9  R  0.250705  83.028
10  L  0.475794  76.5435
10  R  -0.0779236  81.8099
11  L  0.362855  77.8381
11  R  0.262657  82.9888
12  L  0.598897  79.7823
12  R  -0.370959  84.6774
13  L  0.225534  77.3254
13  R  -0.21365  83.865
14  L  0.236951  79.3298
14  R  0.573253  84.902
15  L  -0.136145  83.4776
15  R  -0.6218  93.5807
