# bar  side  Value ValueErr
0  L  -1.0855  80.5314
0  R  0.881115  83.5107
1  L  -0.490636  81.5262
1  R  0.544504  88.3308
2  L  0.0715195  78.69
2  R  -0.154388  82.925
3  L  0.480646  77.8274
3  R  0.534371  79.3646
4  L  0.438676  73.7856
4  R  0.563658  77.7593
5  L  -0.282508  77.3338
5  R  0.560746  78.5966
6  L  0.262882  75.8022
6  R  -0.0748231  77.8307
7  L  -0.477312  77.6746
7  R  0.265848  81.811
8  L  0.575764  73.0104
8  R  0.632417  80.238
9  L  0.14659  76.9017
9  R  -0.0845299  81.2832
10  L  -0.287609  76.9539
10  R  0.421254  81.3154
11  L  0.0975688  77.0607
11  R  -0.131612  82.2134
12  L  -0.313992  76.6214
12  R  0.165482  83.4617
13  L  0.326081  79.4896
13  R  0.478728  85.3463
14  L  0.457908  77.6831
14  R  -0.598054  86.704
15  L  0.189376  89.7735
15  R  1.6487  91.8113
