# bar  side  Value ValueErr
0  L  -0.0384804  82.8812
0  R  -0.359613  85.1199
1  L  0.0442848  79.1353
1  R  -0.0862528  84.5171
2  L  0.0553298  77.5607
2  R  -0.251162  83.2247
3  L  0.35876  77.4984
3  R  0.310894  77.7435
4  L  0.548393  77.2171
4  R  0.10293  79.7682
5  L  -0.279596  77.1946
5  R  0.0328351  78.9996
6  L  -0.428442  75.9266
6  R  -0.045495  79.1485
7  L  -0.527308  76.9924
7  R  0.232612  79.5102
8  L  -0.117059  73.7775
8  R  0.229899  78.7948
9  L  -0.25751  77.7057
9  R  -0.290349  81.7995
10  L  0.250987  76.5495
10  R  0.440253  80.0743
11  L  -0.253768  77.4764
11  R  -0.494496  82.2499
12  L  0.00311399  78.0844
12  R  0.544276  83.0722
13  L  0.247128  80.1821
13  R  0.531944  84.6663
14  L  0.894532  80.6767
14  R  1.30826  86.2713
15  L  0.841318  85.6466
15  R  -0.573312  92.8843
