# bar  side  Value ValueErr
0  L  -0.0610786  82.055
0  R  -0.295822  83.1759
1  L  -0.57823  80.7129
1  R  -0.182728  84.2078
2  L  -0.0265497  81.1266
2  R  0.555061  84.1809
3  L  -0.0270683  75.454
3  R  0.684789  78.8573
4  L  -0.171813  75.5848
4  R  0.34784  79.9238
5  L  -0.302535  77.2445
5  R  -0.299947  81.4313
6  L  -0.553662  76.1253
6  R  -0.00327715  78.2224
7  L  -0.284752  77.2296
7  R  -0.281202  81.8693
8  L  -0.29193  75.3267
8  R  0.404716  81.3228
9  L  0.396981  76.7055
9  R  0.756715  80.4857
10  L  0.314554  73.9202
10  R  0.318068  79.8601
11  L  0.124792  78.0512
11  R  0.0818314  82.0827
12  L  0.457559  77.3618
12  R  0.301431  83.1335
13  L  0.378813  79.7155
13  R  0.530766  85.6086
14  L  -0.104689  83.3763
14  R  -0.252114  84.6581
15  L  0.210583  84.4595
15  R  0.0348616  93.248
