0 1732.7342390038732 81.060323100146931
1 1430.8829539586206 83.078982826805102
2 1274.4963110655706 78.973160716175727
3 1568.7174446781603 78.120416503611381
4 1392.4090393275414 75.620472555740974
5 1586.0060333072786 78.129268395899473
6 1596.2678435706046 76.338645505154361
7 1576.5348346982569 78.845225463692572
8 1563.8086710683899 74.546165976570336
9 1836.5446358884587 78.631445795873844
10 1698.4651632596995 78.380681468742878
11 2085.9911046978068 78.08497313974523
12 1761.5902446667315 78.022692851693151
13 1899.1778195887723 80.360189536517638
14 2062.8729483046436 81.026593808495875
15 2160.09523952566 92.130164404400901
