0 1226.7921277439739 83.307370869865863
1 1730.1950594637196 89.850121236740264
2 1656.1674337756074 83.180186899689829
3 1297.3018931565423 79.56910909331107
4 1141.3425012803539 78.105791245402372
5 1347.1093004011798 80.590581213677339
6 1488.5325853570332 78.567914358926032
7 1709.8492611594772 82.272594443999978
8 1494.9824779551939 81.806159472335565
9 1875.106109827474 81.876067493932055
10 1783.79531011774 81.926106531543056
11 1985.5809151616047 82.276381641984315
12 2011.7501045885149 85.599025060479917
13 2092.6774120211612 87.452116276293864
14 2237.5109405026469 87.754800695997673
15 2195.3887296245002 94.066202696120456
