0 1264.560386470898 97.125066337320874
1 974.71373327081153 83.259907981899602
2 823.59956705303318 81.145725177674208
3 1115.9330961779553 76.021559643076387
4 941.31016925406959 81.327199424557719
5 1138.2112907742628 81.495506783752148
6 1149.9777562669897 77.565444547962215
7 1128.3247002798246 83.69622704493942
8 1118.941439267197 78.464379377414588
9 1394.4328841644228 82.443069390902934
10 1255.0186980627182 79.571814484123209
11 1645.0453533982718 81.570416194068542
12 1316.4244459805525 84.163297479539068
13 1454.9659549181172 96.285154839370449
14 1616.0162802014261 91.563486089931374
15 1697.1136327290255 110.16264734624511
