0 552.0632635714918 96.04840674236641
1 1053.8729944658367 93.759045586422815
2 983.94846804687597 80.399451011397176
3 627.79387843456016 84.124964504110224
4 470.48653454650594 81.977019857125384
5 681.23389236163052 82.895488376744908
6 821.29355956971517 81.018261714247018
7 1046.4171071971864 86.217199832451712
8 831.04846474537635 82.469813371566545
9 1213.1779111381218 85.383034400726032
10 1123.5716228376152 83.41220777819089
11 1329.9914095622837 87.208395843190331
12 1347.7915851423418 88.537153043035104
13 1450.8352715286248 87.948145696798932
14 1593.6811787601534 85.327413630586477
15 1550.8361312636405 115.34307979157633
