0 1679.0780526907911 81.958937425907109
1 2188.3092529203036 82.772941731133656
2 2115.6078646069309 81.604716161534895
3 1753.6141162311819 78.665715824257333
4 1600.7272063595483 78.860779197594141
5 1807.067151846539 81.326568358112667
6 1947.4159998889043 79.840655213054447
7 2164.6540078652515 80.790030323463753
8 1957.3880318588497 80.680082188241258
9 2332.6065102417188 81.50009851332608
10 2242.5138322901594 81.811777832492851
11 2446.8797463348778 83.226479267484692
12 2472.0398493093599 84.920344373318542
13 2547.8070290874525 86.151515498785443
14 2689.4714878951677 86.165028065036608
15 2652.2018981063738 86.95413897742884
