0 1906.8945127046595 81.651926947264144
1 1601.8526425931975 78.936953525053681
2 1443.3382612539806 76.97003679393238
3 1741.8840053856843 74.693663573497091
4 1562.770383019667 74.260532024895866
5 1755.4276316454147 75.406751196568379
6 1768.6281311896244 74.802386605227937
7 1744.272954178841 74.925983570745586
8 1733.254541266125 71.610757652146333
9 2006.2573742656107 74.737267173800291
10 1868.2950675871234 74.620531896602884
11 2258.4340335350648 77.515460746162844
12 1927.3186865926384 76.514745220452014
13 2068.3943493787151 78.279926691902887
14 2224.3578659136133 79.53338658189675
15 2325.3339264848514 81.509553303254265
